0.1059, 0.6016
0.8567, 0.0441
0.5119, 0.8123
0.5163, 0.4845
0.0718, 0.7644
0.4480, 0.4580
0.6489, 0.0092
0.6411, 0.1499
0.8750, 0.2565
0.1559, 0.2463
0.5277, 0.2095
0.5532, 0.9156
0.7852, 0.4670
0.8264, 0.9821
0.0868, 0.7425
0.1236, 0.0751
0.5555, 0.9938
0.3820, 0.9981
0.4090, 0.7506
0.7440, 0.4274
0.7252, 0.0001
0.6271, 0.1137
0.9584, 0.4750
0.5545, 0.4127
0.7487, 0.2441
0.8688, 0.1108
0.2564, 0.5595
0.4941, 0.1120
0.1124, 0.2709
0.0832, 0.5160
0.8678, 0.2943
0.9375, 0.5463
0.2562, 0.3394
0.0502, 0.1663
0.6654, 0.2342
0.9251, 0.1020
0.2290, 0.8917
0.4962, 0.1263
0.6068, 0.4162
0.0969, 0.6790
0.6877, 0.0548
0.4859, 0.4837
0.0280, 0.3200
0.6572, 0.2736
0.3527, 0.4501
0.5447, 0.1336
0.1205, 0.1271
0.3556, 0.8996
0.5168, 0.9312
0.8711, 0.2715
0.7473, 0.7678
0.2755, 0.6563
0.5899, 0.9531
0.4018, 0.4451
0.1688, 0.1658
0.7822, 0.6877
0.7024, 0.2615
0.2174, 0.5146
0.2533, 0.0512
0.6322, 0.8387
0.9184, 0.6915
0.1411, 0.4359
0.8010, 0.0015
0.2752, 0.4979
0.8075, 0.5590
0.9771, 0.3779
0.7643, 0.7886
0.7358, 0.2815
0.7204, 0.2216
0.6340, 0.4810
0.3820, 0.7111
0.1454, 0.5612
0.9622, 0.2212
0.9644, 0.0163
0.8908, 0.4188
0.2848, 0.7457
0.6165, 0.9168
0.6757, 0.0153
0.6565, 0.6692
0.7214, 0.9288
0.1930, 0.1595
0.5251, 0.9193
0.7827, 0.1437
0.5236, 0.4349
0.5690, 0.3310
0.5445, 0.6526
0.2294, 0.1213
0.0923, 0.7149
0.5977, 0.9393
0.5633, 0.1607
0.1312, 0.0966
0.2529, 0.8460
0.1270, 0.5001
0.5188, 0.9801
0.8163, 0.5937
0.2960, 0.6033
0.7230, 0.6213
0.5292, 0.1501
0.2535, 0.5128
0.3918, 0.6749
